4 > 2
4>=5
logic <- 4 > 2
logic <- 4 >= 5
teks1 = "Halo Aku"
